265 0 FR940617-2-00222 1
265 0 FR940617-2-00223 1
265 0 FR940617-2-00224 1
265 0 FR940617-2-00225 1
265 0 FR940617-2-00226 1
265 0 FR940617-2-00227 1
270 0 FR940104-0-00031 1
270 0 FR940104-0-00032 1
270 0 FR940104-0-00033 1
270 0 FR940104-0-00034 1
270 0 FR940104-0-00035 1
270 0 FR940104-0-00036 1
270 0 FR941006-1-00105 1
270 0 FR941006-1-00106 1
270 0 FR941006-1-00111 1
270 0 FR941006-1-00117 1
270 0 FR941006-1-00119 1
270 0 FR941006-1-00120 1
270 0 FR941006-1-00121 1
270 0 FR941006-1-00122 1
270 0 FR941006-1-00123 1
270 0 FR941006-1-00124 1
270 0 FR941006-1-00125 1
270 0 FR941006-1-00126 1
270 0 FR941006-1-00128 1
270 0 FR941006-1-00129 1
270 0 FR941006-1-00136 1
270 0 FR941006-1-00137 1
270 0 FR941006-1-00138 1
270 0 FR941006-1-00140 1
270 0 FR941006-1-00141 1
270 0 FR941006-1-00142 1
270 0 FR941006-1-00143 1
270 0 FR941006-1-00144 1
270 0 FR941006-1-00145 1
270 0 FR941006-1-00147 1
270 0 FR941006-1-00150 1
270 0 FR941006-1-00155 1
270 0 FR941206-1-00027 1
271 0 FR940104-0-00095 1
271 0 FR940617-2-00063 1
271 0 FR940617-2-00065 1
275 0 FR941006-1-00123 1
275 0 FR941006-1-00124 1
275 0 FR941006-1-00125 1
275 0 FR941006-1-00126 1
275 0 FR941006-1-00128 1
288 0 FR941006-1-00128 1
299 0 FR940104-2-00017 1
299 0 FR940128-2-00058 1
302 0 FR940126-2-00106 1
304 0 FR940104-2-00012 1
304 0 FR940525-0-00055 1
304 0 FR940810-2-00018 1
307 0 FR940617-2-00072 1
307 0 FR940617-2-00073 1
307 0 FR940617-2-00074 1
307 0 FR940617-2-00076 1
314 0 FR940104-0-00032 1
332 0 FR940112-2-00082 1
341 0 FR941206-1-00136 1
341 0 FR941206-1-00137 1
341 0 FR941206-1-00140 1
341 0 FR941206-1-00141 1
341 0 FR941206-1-00144 1
349 0 FR940104-2-00085 1
349 0 FR940405-1-00043 1
349 0 FR940405-1-00048 1
349 0 FR940405-1-00049 1
349 0 FR941006-1-00106 1
350 0 FR940405-1-00038 1
366 0 FR940114-2-00162 1
366 0 FR940114-2-00172 1
366 0 FR940128-2-00102 1
366 0 FR940405-1-00063 1
366 0 FR940405-1-00065 1
370 0 FR940104-0-00031 1
370 0 FR940104-0-00032 1
370 0 FR940104-0-00033 1
370 0 FR940104-0-00034 1
370 0 FR940104-0-00035 1
370 0 FR940104-0-00036 1
370 0 FR940104-2-00033 1
370 0 FR940104-2-00035 1
370 0 FR940104-2-00036 1
370 0 FR940128-2-00143 1
370 0 FR940303-1-00035 1
370 0 FR940303-1-00036 1
370 0 FR940303-1-00038 1
370 0 FR940303-1-00039 1
370 0 FR940303-1-00040 1
370 0 FR940303-1-00041 1
370 0 FR940303-1-00043 1
370 0 FR940303-1-00044 1
370 0 FR940303-1-00045 1
370 0 FR940303-1-00048 1
370 0 FR940303-1-00049 1
370 0 FR940303-1-00050 1
370 0 FR940303-1-00052 1
370 0 FR940303-1-00054 1
370 0 FR940303-1-00056 1
370 0 FR940303-1-00058 1
370 0 FR940303-1-00059 1
370 0 FR940303-1-00060 1
370 0 FR940303-1-00061 1
370 0 FR940303-1-00062 1
370 0 FR940303-1-00065 1
370 0 FR940405-1-00004 1
370 0 FR940405-1-00005 1
370 0 FR940525-0-00015 1
370 0 FR940525-0-00016 1
370 0 FR940525-0-00017 1
370 0 FR940810-0-00018 1
370 0 FR940810-0-00019 1
370 0 FR941006-1-00105 1
370 0 FR941006-1-00119 1
370 0 FR941006-1-00120 1
370 0 FR941006-1-00121 1
370 0 FR941006-1-00122 1
370 0 FR941006-1-00123 1
370 0 FR941006-1-00125 1
370 0 FR941006-1-00129 1
370 0 FR941006-1-00135 1
370 0 FR941006-1-00136 1
370 0 FR941006-1-00137 1
370 0 FR941006-1-00138 1
370 0 FR941006-1-00139 1
370 0 FR941006-1-00140 1
370 0 FR941006-1-00141 1
370 0 FR941006-1-00142 1
370 0 FR941006-1-00143 1
370 0 FR941206-1-00004 1
370 0 FR941206-1-00006 1
370 0 FR941206-1-00009 1
370 0 FR941206-1-00012 1
370 0 FR941206-1-00013 1
370 0 FR941206-1-00014 1
370 0 FR941206-1-00015 1
370 0 FR941206-1-00018 1
370 0 FR941206-1-00019 1
370 0 FR941206-1-00020 1
371 0 FR940104-2-00039 1
372 0 FR940617-2-00244 1
373 0 FR940128-2-00025 1
373 0 FR940617-2-00008 1
377 0 FR940405-1-00062 1
390 0 FR940525-0-00032 1
396 0 FR940405-1-00034 1
396 0 FR940405-1-00035 1
396 0 FR940405-1-00038 1
396 0 FR940405-1-00039 1
396 0 FR940405-1-00040 1
396 0 FR940405-1-00041 1
396 0 FR940405-1-00042 1
396 0 FR940405-1-00054 1
396 0 FR940405-1-00055 1
396 0 FR940405-1-00059 1
396 0 FR940405-1-00062 1
396 0 FR940405-1-00077 1
396 0 FR940405-1-00084 1
396 0 FR940405-1-00086 1
396 0 FR940405-1-00088 1
396 0 FR940405-1-00092 1
396 0 FR940405-1-00097 1
396 0 FR940405-1-00098 1
396 0 FR940405-1-00099 1
396 0 FR940405-1-00114 1
396 0 FR940405-1-00129 1
396 0 FR940810-0-00067 1
396 0 FR940810-0-00121 1
396 0 FR940810-0-00150 1
396 0 FR940810-0-00155 1
396 0 FR940810-0-00316 1